{
 "cells": [
  {
   "cell_type": "code",
   "execution_count": 12,
   "id": "59f8d9c4",
   "metadata": {},
   "outputs": [],
   "source": [
    "import numpy as np\n",
    "import os\n",
    "import nibabel as nib\n",
    "from dipy.io.streamline import load_tractogram, save_tck\n",
    "from dipy.tracking.streamline import set_number_of_points\n",
    "from dipy.align.streamlinear import StreamlineLinearRegistration\n",
    "from dipy.tracking.streamline import transform_streamlines\n",
    "from dipy.tracking.streamline import (set_number_of_points, unlist_streamlines,\n",
    "                                      Streamlines)\n",
    "from dipy.viz.streamline import (viz_two_bundles, viz_vector_field,\n",
    "                                 viz_displacement_mag)\n",
    "from dipy.align.streamwarp import (bundlewarp, bundlewarp_vector_filed,\n",
    "                                   bundlewarp_shape_analysis)\n",
    "from dipy.data import fetch_bundle_warp_dataset\n",
    "from dipy.io.stateful_tractogram import Space, StatefulTractogram\n",
    "from nibabel.streamlines import Tractogram\n",
    "from dipy.io.stateful_tractogram import StatefulTractogram, Space\n",
    "from time import time\n",
    "from dipy.viz import window, actor\n",
    "import glob"
   ]
  },
  {
   "cell_type": "code",
   "execution_count": 13,
   "id": "8bb3c470",
   "metadata": {},
   "outputs": [],
   "source": [
    "# Directory containing .tck files\n",
    "tck_directory1 = r'C:\\Users\\tudor\\Desktop\\thesis\\prepost\\preop'\n",
    "tck_directory2 = r'C:\\Users\\tudor\\Desktop\\thesis\\prepost\\postop'\n",
    "save_directory1 = r'C:\\Users\\tudor\\Desktop\\thesis\\prepost\\preop-aligned'\n",
    "save_directory2 = r'C:\\Users\\tudor\\Desktop\\thesis\\prepost\\postop-aligned'\n",
    "reference_anatomy_path1 = r'C:\\Users\\tudor\\Desktop\\thesis\\prepost\\preop\\fa.nii.gz'\n",
    "reference_anatomy_path2 = r'C:\\Users\\tudor\\Desktop\\thesis\\prepost\\postop\\fa.nii.gz'\n",
    "reference_anatomy1 = nib.load(reference_anatomy_path1)\n",
    "reference_anatomy2 = nib.load(reference_anatomy_path2)\n"
   ]
  },
  {
   "cell_type": "code",
   "execution_count": 14,
   "id": "5733be51",
   "metadata": {},
   "outputs": [],
   "source": [
    "# List and sort all .tck files in the directory\n",
    "tck_files1 = sorted(glob.glob(os.path.join(tck_directory1, '*.tck')))\n",
    "tck_files2 = sorted(glob.glob(os.path.join(tck_directory2, '*.tck')))\n",
    "tck_files_iterator = iter(tck_files2)"
   ]
  },
  {
   "cell_type": "code",
   "execution_count": 17,
   "id": "0c566464",
   "metadata": {},
   "outputs": [],
   "source": [
    "for file1 in tck_files1:\n",
    "    file2 = next(tck_files_iterator)\n",
    "    tractogram1 = load_tractogram(file1, reference_anatomy1)\n",
    "    tractogram2 = load_tractogram(file2, reference_anatomy1)\n",
    "    streamlines1 = set_number_of_points(tractogram1.streamlines, 100)\n",
    "    streamlines2 = set_number_of_points(tractogram2.streamlines, 100)\n",
    "    deformed_bundle, moving_aligned, distances, match_pairs, warp_map = bundlewarp(\n",
    "                               streamlines2, streamlines1, alpha=0.5, beta=20, max_iter=15)\n",
    "    \n",
    "    affine = reference_anatomy2.affine\n",
    "    tractogram = Tractogram(moving_aligned, affine_to_rasmm=affine)\n",
    "    # Create a StatefulTractogram object\n",
    "    sft = StatefulTractogram(tractogram.streamlines, reference_anatomy2, Space.RASMM)\n",
    "    output_file = os.path.join(save_directory1, os.path.basename(file2).replace('.tck', '_aligned2.tck'))\n",
    "    save_tck(sft, output_file, bbox_valid_check = False)\n",
    "    \n",
    "    tractogram2 = Tractogram(streamlines2, affine_to_rasmm=affine)\n",
    "    # Create a StatefulTractogram object\n",
    "    sft2 = StatefulTractogram(tractogram2.streamlines, reference_anatomy2, Space.RASMM)\n",
    "    output_file2 = os.path.join(save_directory2, os.path.basename(file2).replace('.tck', '_aligned2.tck'))\n",
    "    save_tck(sft2, output_file2, bbox_valid_check = False)"
   ]
  },
  {
   "cell_type": "code",
   "execution_count": 17,
   "id": "9b50826f",
   "metadata": {},
   "outputs": [],
   "source": [
    "file1 = r'C:\\Users\\tudor\\Desktop\\thesis\\prepost\\preop\\ATR_left.tck'\n",
    "file2 = r'C:\\Users\\tudor\\Desktop\\thesis\\prepost\\postop\\ATR_left.tck'\n",
    "tractogram1 = load_tractogram(file1, reference_anatomy1)\n",
    "tractogram2 = load_tractogram(file2, reference_anatomy1)\n",
    "streamlines1 = set_number_of_points(tractogram1.streamlines, 100)\n",
    "streamlines2 = set_number_of_points(tractogram2.streamlines, 100)\n",
    "deformed_bundle, moving_aligned, distances, match_pairs, warp_map = bundlewarp(\n",
    "                               streamlines2, streamlines1, alpha=0.5, beta=20, max_iter=15)\n",
    "    \n",
    "affine = reference_anatomy2.affine\n",
    "tractogram = Tractogram(moving_aligned, affine_to_rasmm=affine)\n",
    "# Create a StatefulTractogram object\n",
    "sft = StatefulTractogram(tractogram.streamlines, reference_anatomy2, Space.RASMM)\n",
    "output_file = os.path.join(save_directory1, os.path.basename(file2).replace('.tck', '_aligned.tck'))\n",
    "save_tck(sft, output_file, bbox_valid_check = False)\n",
    "    \n",
    "tractogram2 = Tractogram(streamlines2, affine_to_rasmm=affine)\n",
    "# Create a StatefulTractogram object\n",
    "sft2 = StatefulTractogram(tractogram2.streamlines, reference_anatomy2, Space.RASMM)\n",
    "output_file2 = os.path.join(save_directory2, os.path.basename(file2).replace('.tck', '_aligned.tck'))\n",
    "save_tck(sft2, output_file2, bbox_valid_check = False)"
   ]
  },
  {
   "cell_type": "markdown",
   "id": "6a96364f-71a9-4dd0-8638-6defb750a708",
   "metadata": {},
   "source": [
    "# New alignement"
   ]
  },
  {
   "cell_type": "code",
   "execution_count": null,
   "id": "cbe844e6-6769-4b08-9286-373d203aead2",
   "metadata": {},
   "outputs": [],
   "source": [
    "import nibabel as nib\n",
    "import numpy as np\n",
    "import os\n",
    "from dipy.io.streamline import load_tractogram, save_tractogram\n",
    "from dipy.io.stateful_tractogram import StatefulTractogram, Space\n",
    "from dipy.align.streamlinear import whole_brain_slr\n",
    "from dipy.tracking.streamline import transform_streamlines\n",
    "import time"
   ]
  },
  {
   "cell_type": "code",
   "execution_count": null,
   "id": "d59c39fe-946b-4481-a411-66321bccc0c1",
   "metadata": {},
   "outputs": [],
   "source": [
    "tck_directory1 = r'C:\\Users\\tudor\\Desktop\\thesis\\prepost\\preop'\n",
    "tck_directory2 = r'C:\\Users\\tudor\\Desktop\\thesis\\prepost\\postop'\n",
    "reference_anatomy_path1 = r'C:\\Users\\tudor\\Desktop\\thesis\\prepost\\preop\\fa.nii.gz'\n",
    "reference_anatomy_path2 = r'C:\\Users\\tudor\\Desktop\\thesis\\prepost\\postop\\fa.nii.gz'\n",
    "reference_anatomy1 = nib.load(reference_anatomy_path1)\n",
    "reference_anatomy2 = nib.load(reference_anatomy_path2)"
   ]
  },
  {
   "cell_type": "code",
   "execution_count": null,
   "id": "7a281a01-814b-450b-85b3-cb420b2046ec",
   "metadata": {},
   "outputs": [],
   "source": [
    "tck_files1 = sorted(glob.glob(os.path.join(tck_directory1, '*.tck')))\n",
    "tck_files2 = sorted(glob.glob(os.path.join(tck_directory2, '*.tck')))\n",
    "tck_files_iterator = iter(tck_files2)"
   ]
  },
  {
   "cell_type": "code",
   "execution_count": null,
   "id": "266c3ba7-b28b-4df3-a535-93bf4a5b896f",
   "metadata": {},
   "outputs": [],
   "source": [
    "len(tck_files2)"
   ]
  },
  {
   "cell_type": "code",
   "execution_count": 14,
   "id": "60a9dcc2-e6f2-4074-a44a-487cf506bb89",
   "metadata": {},
   "outputs": [],
   "source": [
    "def get_all_points(streamlines):\n",
    "    return np.concatenate(streamlines, axis=0)"
   ]
  },
  {
   "cell_type": "code",
   "execution_count": 15,
   "id": "d2ef7eed-1cb3-43fd-8b55-5133291cca10",
   "metadata": {},
   "outputs": [],
   "source": [
    "def compute_principal_axes(points_centered):\n",
    "    cov_matrix = np.cov(points_centered.T)\n",
    "    eigenvalues, eigenvectors = np.linalg.eigh(cov_matrix)\n",
    "    # Sort eigenvectors by descending eigenvalues\n",
    "    idx = eigenvalues.argsort()[::-1]\n",
    "    eigenvectors = eigenvectors[:, idx]\n",
    "    return eigenvectors"
   ]
  },
  {
   "cell_type": "code",
   "execution_count": 48,
   "id": "789a4ca6-c898-46de-a1ae-447fb06812a8",
   "metadata": {},
   "outputs": [],
   "source": [
    "meanerror = []"
   ]
  },
  {
   "cell_type": "code",
   "execution_count": 49,
   "id": "5d27c36a-5fb5-491e-9f57-df2c4dadc596",
   "metadata": {},
   "outputs": [
    {
     "name": "stdout",
     "output_type": "stream",
     "text": [
      "ICP completed.\n",
      "Final mean error: 1.7340630973713045\n",
      "Rotation matrix:\n",
      "[[ 0.94251036 -0.33170572 -0.04056839]\n",
      " [ 0.33290185  0.9425655   0.02733627]\n",
      " [ 0.02917072 -0.03926992  0.99880285]]\n",
      "Translation vector:\n",
      "[-39.26393254 -25.67633201  -8.41948202]\n",
      "ICP completed.\n",
      "Final mean error: 1.2803423424121805\n",
      "Rotation matrix:\n",
      "[[ 0.36029129  0.13544279  0.92295514]\n",
      " [ 0.73067175  0.57411173 -0.36948073]\n",
      " [-0.57992242  0.80749703  0.10788321]]\n",
      "Translation vector:\n",
      "[20.18969896 25.76789053 22.36860182]\n",
      "ICP completed.\n",
      "Final mean error: 13.587754146416538\n",
      "Rotation matrix:\n",
      "[[ 0.86599408 -0.3589034   0.34819938]\n",
      " [ 0.36923815  0.92852648  0.03875185]\n",
      " [-0.33722048  0.09500956  0.93661907]]\n",
      "Translation vector:\n",
      "[-32.34544112  26.36615133 -16.47037325]\n",
      "ICP completed.\n",
      "Final mean error: 1.0068241187254816\n",
      "Rotation matrix:\n",
      "[[ 0.62318733  0.01318152 -0.78196201]\n",
      " [-0.1779151   0.97603119 -0.12533708]\n",
      " [ 0.76156686  0.21723116  0.61059479]]\n",
      "Translation vector:\n",
      "[59.831566    3.3402219   8.27405517]\n",
      "ICP completed.\n",
      "Final mean error: 11.867083046422835\n",
      "Rotation matrix:\n",
      "[[ 0.98635003  0.11471641 -0.11812503]\n",
      " [-0.03334407  0.84167174  0.53895912]\n",
      " [ 0.16125    -0.52766401  0.83400764]]\n",
      "Translation vector:\n",
      "[ -6.56500595 -37.1443386  -15.00583128]\n",
      "ICP completed.\n",
      "Final mean error: 0.8600142312766894\n",
      "Rotation matrix:\n",
      "[[ 0.99197237  0.05533133  0.11370765]\n",
      " [-0.04324507  0.99341073 -0.10613899]\n",
      " [-0.11883117  0.10036961  0.98782868]]\n",
      "Translation vector:\n",
      "[ -3.3363033    7.14053858 -14.93544226]\n",
      "ICP completed.\n",
      "Final mean error: 4.4408388042288465\n",
      "Rotation matrix:\n",
      "[[ 0.157812    0.68887839 -0.70748972]\n",
      " [ 0.98475306 -0.0566869   0.16446252]\n",
      " [ 0.07318925 -0.72265645 -0.68732105]]\n",
      "Translation vector:\n",
      "[58.21579849 39.8201253  69.25605679]\n",
      "ICP completed.\n",
      "Final mean error: 1.5214862483041534\n",
      "Rotation matrix:\n",
      "[[ 0.99791453 -0.01380061 -0.06305538]\n",
      " [ 0.02506199  0.98307649  0.18147251]\n",
      " [ 0.05948382 -0.1826746   0.98137274]]\n",
      "Translation vector:\n",
      "[10.83202662 10.28203053 -9.34310636]\n",
      "ICP completed.\n",
      "Final mean error: 9.228802327284903\n",
      "Rotation matrix:\n",
      "[[ 0.93089705  0.31478252  0.18531769]\n",
      " [-0.18654151 -0.0265188   0.98208935]\n",
      " [ 0.31405881 -0.94879333  0.03403382]]\n",
      "Translation vector:\n",
      "[ 10.36226645 -18.19654271  19.25008848]\n",
      "ICP completed.\n",
      "Final mean error: 2.8754119372283857\n",
      "Rotation matrix:\n",
      "[[ 0.99475073  0.06752604  0.07688369]\n",
      " [-0.0958157   0.35092316  0.93148931]\n",
      " [ 0.03591942 -0.93396602  0.35555097]]\n",
      "Translation vector:\n",
      "[ -0.35185218 -15.99708462  12.73767921]\n",
      "ICP completed.\n",
      "Final mean error: 4.859786667125143\n",
      "Rotation matrix:\n",
      "[[ 0.00847233  0.93157012 -0.36346204]\n",
      " [ 0.76246181  0.2291509   0.60509751]\n",
      " [ 0.64697825 -0.28225238 -0.70834482]]\n",
      "Translation vector:\n",
      "[ 23.16558455 -36.01412746  95.36545744]\n",
      "ICP completed.\n",
      "Final mean error: 1.6796917223327252\n",
      "Rotation matrix:\n",
      "[[-0.3332822   0.66481757 -0.66853635]\n",
      " [ 0.91441911  0.40067677 -0.0574125 ]\n",
      " [ 0.22969813 -0.63045655 -0.74146068]]\n",
      "Translation vector:\n",
      "[ 62.07186422 -31.70062129  81.46549152]\n",
      "ICP completed.\n",
      "Final mean error: 3.459276235800608\n",
      "Rotation matrix:\n",
      "[[ 0.09363415  0.29774022 -0.95004424]\n",
      " [-0.85323621 -0.46773485 -0.23067915]\n",
      " [-0.51305075  0.83221091  0.21024704]]\n",
      "Translation vector:\n",
      "[ 41.51767237 -27.83746635 -12.07208921]\n",
      "ICP completed.\n",
      "Final mean error: 1.5219493110000994\n",
      "Rotation matrix:\n",
      "[[ 0.46657158 -0.8842676   0.0195093 ]\n",
      " [ 0.44611201  0.25431633  0.85808295]\n",
      " [-0.76373708 -0.39165403  0.51313958]]\n",
      "Translation vector:\n",
      "[-11.19775007 -30.94382346  44.03173353]\n",
      "ICP completed.\n",
      "Final mean error: 2.9987041064860525\n",
      "Rotation matrix:\n",
      "[[ 0.94257429  0.05361561  0.32966325]\n",
      " [-0.30393629  0.54691764  0.78006664]\n",
      " [-0.13847489 -0.83546809  0.53180654]]\n",
      "Translation vector:\n",
      "[ 14.44541573 -27.9602874   33.25385757]\n",
      "ICP completed.\n",
      "Final mean error: 2.3294370977478214\n",
      "Rotation matrix:\n",
      "[[ 0.36082018 -0.93136304 -0.04868848]\n",
      " [ 0.86882724  0.35465385 -0.34548579]\n",
      " [ 0.33904046  0.08235634  0.93715998]]\n",
      "Translation vector:\n",
      "[ -7.4400277    3.36251755 -17.79814889]\n",
      "ICP completed.\n",
      "Final mean error: 3.20751255172355\n",
      "Rotation matrix:\n",
      "[[ 0.90206085 -0.43140254  0.01335876]\n",
      " [ 0.24880598  0.54504425  0.800639  ]\n",
      " [-0.35267872 -0.71890104  0.59899841]]\n",
      "Translation vector:\n",
      "[  7.47941346  30.19331433 -27.79719937]\n",
      "ICP completed.\n",
      "Final mean error: 1.3607507265721737\n",
      "Rotation matrix:\n",
      "[[-0.91725273 -0.10216883  0.3849801 ]\n",
      " [-0.28735746 -0.49955264 -0.8172343 ]\n",
      " [ 0.27581362 -0.86023711  0.42885712]]\n",
      "Translation vector:\n",
      "[ 14.80271509  -9.28885003 -28.53910483]\n",
      "ICP completed.\n",
      "Final mean error: 2.9691684294943124\n",
      "Rotation matrix:\n",
      "[[ 0.3015604   0.23019337  0.92524172]\n",
      " [ 0.78853255  0.48530971 -0.37774496]\n",
      " [-0.53598334  0.84349617 -0.03516466]]\n",
      "Translation vector:\n",
      "[ 3.88616567 49.77441212  1.27165033]\n",
      "ICP completed.\n",
      "Final mean error: 10.282322379834806\n",
      "Rotation matrix:\n",
      "[[ 0.21262639 -0.00132689 -0.97713242]\n",
      " [-0.39580163  0.9141705  -0.08736907]\n",
      " [ 0.89338216  0.40532783  0.19385202]]\n",
      "Translation vector:\n",
      "[  5.52562513   3.98361156 -46.45908751]\n",
      "ICP completed.\n",
      "Final mean error: 7.109846986344646\n",
      "Rotation matrix:\n",
      "[[ 0.37762859  0.05735737  0.92417945]\n",
      " [-0.48089545  0.86506955  0.14280975]\n",
      " [-0.79128791 -0.49836222  0.35425803]]\n",
      "Translation vector:\n",
      "[  9.95958417 -21.54305894 -69.88915303]\n",
      "ICP completed.\n",
      "Final mean error: 1.077993058055363\n",
      "Rotation matrix:\n",
      "[[-0.82462617  0.04655817 -0.56375839]\n",
      " [ 0.04204644  0.99889492  0.0209917 ]\n",
      " [ 0.56411277 -0.00639387 -0.8256729 ]]\n",
      "Translation vector:\n",
      "[10.5994498  -1.81581573  0.24017551]\n",
      "ICP completed.\n",
      "Final mean error: 5.610315538591065\n",
      "Rotation matrix:\n",
      "[[ 0.65110261  0.43900561  0.61914454]\n",
      " [-0.52269405  0.85083358 -0.05361175]\n",
      " [-0.55032436 -0.2887159   0.78344509]]\n",
      "Translation vector:\n",
      "[ 25.68716398 -31.00092728   1.79642182]\n",
      "ICP completed.\n",
      "Final mean error: 4.139281922376531\n",
      "Rotation matrix:\n",
      "[[ 0.4573459   0.44299457  0.77109671]\n",
      " [-0.06496462  0.88142017 -0.46784409]\n",
      " [-0.88691274  0.16387261  0.43189298]]\n",
      "Translation vector:\n",
      "[-30.67052087  16.46887469 -43.12346112]\n",
      "ICP completed.\n",
      "Final mean error: 3.4008398464660607\n",
      "Rotation matrix:\n",
      "[[ 0.61809802 -0.30218712 -0.72569828]\n",
      " [ 0.07735439  0.94206218 -0.3263981 ]\n",
      " [ 0.78228599  0.14561     0.60566208]]\n",
      "Translation vector:\n",
      "[ 30.68630344   8.98337552 -51.35572036]\n",
      "ICP completed.\n",
      "Final mean error: 1.4680335721338555\n",
      "Rotation matrix:\n",
      "[[ 0.97671431 -0.17397766  0.12554064]\n",
      " [ 0.19474423  0.9644685  -0.17853739]\n",
      " [-0.09001837  0.19882854  0.97589107]]\n",
      "Translation vector:\n",
      "[ 12.55037678  27.6924805  -34.81363086]\n",
      "ICP completed.\n",
      "Final mean error: 1.5733111311277599\n",
      "Rotation matrix:\n",
      "[[ 0.6633609  -0.63093127  0.40234104]\n",
      " [ 0.59717577  0.77035955  0.22344505]\n",
      " [-0.45092575  0.09204359  0.88780302]]\n",
      "Translation vector:\n",
      "[-76.11048358 -27.20893692  22.6049632 ]\n",
      "ICP completed.\n",
      "Final mean error: 2.545761608759786\n",
      "Rotation matrix:\n",
      "[[ 0.94954615 -0.07008397 -0.30569602]\n",
      " [-0.0110202   0.96665439 -0.25584659]\n",
      " [ 0.31343265  0.24630692  0.91711064]]\n",
      "Translation vector:\n",
      "[62.15867137 -3.39796054 -1.81616205]\n",
      "ICP completed.\n",
      "Final mean error: 3.7077580101478103\n",
      "Rotation matrix:\n",
      "[[-0.63291705 -0.74172116 -0.22195941]\n",
      " [-0.36418595  0.53821142 -0.76006358]\n",
      " [ 0.68321641 -0.40022273 -0.61076769]]\n",
      "Translation vector:\n",
      "[-13.38976367   9.69587143   9.50640848]\n",
      "ICP completed.\n",
      "Final mean error: 1.025569158932891\n",
      "Rotation matrix:\n",
      "[[ 0.69532507  0.67922524 -0.23489535]\n",
      " [-0.27988985  0.55694999  0.78196475]\n",
      " [ 0.66195489 -0.47797496  0.57736956]]\n",
      "Translation vector:\n",
      "[ 38.18141592 -33.00575839   2.37708866]\n",
      "ICP completed.\n",
      "Final mean error: 1.2205922385827161\n",
      "Rotation matrix:\n",
      "[[ 0.28569645  0.44711126 -0.84762533]\n",
      " [-0.92947825 -0.0860807  -0.35869171]\n",
      " [-0.23333933  0.89032662  0.39098752]]\n",
      "Translation vector:\n",
      "[-5.42374706 19.0484923  15.65492077]\n",
      "ICP completed.\n",
      "Final mean error: 1.0700475876815474\n",
      "Rotation matrix:\n",
      "[[ 0.49894907  0.06930805 -0.86385543]\n",
      " [ 0.72355757  0.51531083  0.45925946]\n",
      " [ 0.47698442 -0.85419583  0.2069655 ]]\n",
      "Translation vector:\n",
      "[ 85.2623301  -13.61419483  50.04381335]\n",
      "ICP completed.\n",
      "Final mean error: 1.8979985731702298\n",
      "Rotation matrix:\n",
      "[[-0.38885301 -0.01886981  0.92110686]\n",
      " [-0.78769983 -0.51173112 -0.34301752]\n",
      " [ 0.47783142 -0.858939    0.1841246 ]]\n",
      "Translation vector:\n",
      "[-44.47952752  54.3026201  -17.07439673]\n",
      "ICP completed.\n",
      "Final mean error: 2.193733091978633\n",
      "Rotation matrix:\n",
      "[[-0.83666413  0.22712194 -0.4984061 ]\n",
      " [-0.3488834   0.48048675  0.80461953]\n",
      " [ 0.42222433  0.84708165 -0.32276675]]\n",
      "Translation vector:\n",
      "[ 13.49202556 -63.93791926  27.9437262 ]\n",
      "ICP completed.\n",
      "Final mean error: 4.183072430661558\n",
      "Rotation matrix:\n",
      "[[-9.64877978e-01  6.24356189e-02  2.55172335e-01]\n",
      " [ 6.02787538e-02  9.98048850e-01 -1.62725673e-02]\n",
      " [-2.55690787e-01 -3.19535607e-04 -9.66758742e-01]]\n",
      "Translation vector:\n",
      "[-25.20642708  -1.68878405 103.61664688]\n",
      "ICP completed.\n",
      "Final mean error: 2.3371860725433433\n",
      "Rotation matrix:\n",
      "[[ 0.56783171 -0.23995621  0.7873935 ]\n",
      " [ 0.01259332  0.95898747  0.28316743]\n",
      " [-0.82304827 -0.15087551  0.54756537]]\n",
      "Translation vector:\n",
      "[ -1.77323749  -7.89813143 -21.71682112]\n",
      "ICP completed.\n",
      "Final mean error: 2.765490531114484\n",
      "Rotation matrix:\n",
      "[[ 0.21353243 -0.02562621  0.97659999]\n",
      " [ 0.47138069  0.87829224 -0.08001995]\n",
      " [-0.85568963  0.47743718  0.19962344]]\n",
      "Translation vector:\n",
      "[-98.62303507  -3.0234191   52.38638639]\n",
      "ICP completed.\n",
      "Final mean error: 1.3682904278144161\n",
      "Rotation matrix:\n",
      "[[ 0.89471749 -0.42715718 -0.13045078]\n",
      " [ 0.17521375  0.06702953  0.98224606]\n",
      " [-0.41082954 -0.90168955  0.13481612]]\n",
      "Translation vector:\n",
      "[ 54.57032362 -55.90525992  22.52905701]\n",
      "ICP completed.\n",
      "Final mean error: 1.9064868273196858\n",
      "Rotation matrix:\n",
      "[[-0.06432286 -0.99780516  0.01573585]\n",
      " [ 0.74837161 -0.03779991  0.66220178]\n",
      " [-0.66015374  0.05437104  0.74916014]]\n",
      "Translation vector:\n",
      "[-23.89731089 -50.68891925  24.83739676]\n",
      "ICP completed.\n",
      "Final mean error: 1.5234289038732445\n",
      "Rotation matrix:\n",
      "[[ 0.68823802  0.10404794  0.71798495]\n",
      " [-0.09688421  0.99397975 -0.05117388]\n",
      " [-0.71898649 -0.03434154  0.69417493]]\n",
      "Translation vector:\n",
      "[ 15.22596634 -20.28627436  20.09927976]\n",
      "ICP completed.\n",
      "Final mean error: 1.287885106748854\n",
      "Rotation matrix:\n",
      "[[ 0.19648323 -0.45043532 -0.87092036]\n",
      " [-0.9516649  -0.30145952 -0.05878587]\n",
      " [-0.23606798  0.84037512 -0.48789524]]\n",
      "Translation vector:\n",
      "[34.50960321 30.97638301  5.75911347]\n",
      "ICP completed.\n",
      "Final mean error: 3.671304504698523\n",
      "Rotation matrix:\n",
      "[[-0.85078884 -0.06275369  0.52174768]\n",
      " [-0.49908721  0.407339   -0.7648442 ]\n",
      " [-0.16453149 -0.91111842 -0.37787863]]\n",
      "Translation vector:\n",
      "[-18.31094069   7.33114178  18.70344943]\n",
      "ICP completed.\n",
      "Final mean error: 6.003521230120513\n",
      "Rotation matrix:\n",
      "[[ 0.51506968  0.33873645  0.78737537]\n",
      " [-0.1040282   0.9365127  -0.33484578]\n",
      " [-0.85081183  0.09055989  0.51760782]]\n",
      "Translation vector:\n",
      "[-28.91358827  84.27662504  38.4456148 ]\n",
      "ICP completed.\n",
      "Final mean error: 6.9990743791959265\n",
      "Rotation matrix:\n",
      "[[ 0.23941431  0.37750318  0.89452387]\n",
      " [-0.0726332   0.92569991 -0.37121993]\n",
      " [-0.96819698  0.02390293  0.24904437]]\n",
      "Translation vector:\n",
      "[ -2.42213837  80.04632506 -13.80551665]\n",
      "ICP completed.\n",
      "Final mean error: 4.224813369910229\n",
      "Rotation matrix:\n",
      "[[ 0.80235083 -0.53821112 -0.25799611]\n",
      " [ 0.18674651  0.6369357  -0.7479558 ]\n",
      " [ 0.56688545  0.55194324  0.61155501]]\n",
      "Translation vector:\n",
      "[-47.01811209   6.65366734 -32.46337997]\n",
      "ICP completed.\n",
      "Final mean error: 2.183114808892821\n",
      "Rotation matrix:\n",
      "[[ 0.17627255  0.98176606  0.07116258]\n",
      " [-0.28966687  0.12083069 -0.94947056]\n",
      " [-0.94075561  0.14675202  0.3056837 ]]\n",
      "Translation vector:\n",
      "[ 31.76457827   6.80040339 -36.81444536]\n",
      "ICP completed.\n",
      "Final mean error: 1.448596839726622\n",
      "Rotation matrix:\n",
      "[[ 0.62864506 -0.49678704  0.59833787]\n",
      " [ 0.53563752  0.83438094  0.12999978]\n",
      " [-0.56382405  0.23876894  0.79062772]]\n",
      "Translation vector:\n",
      "[-80.89926975 -30.16745013  15.57369591]\n",
      "ICP completed.\n",
      "Final mean error: 2.158149576590704\n",
      "Rotation matrix:\n",
      "[[ 0.67906916  0.20916356 -0.70364476]\n",
      " [-0.35860078  0.93091123 -0.06935657]\n",
      " [ 0.64052389  0.29942504  0.70715899]]\n",
      "Translation vector:\n",
      "[ 88.23378958 -30.55074385  20.81127958]\n",
      "ICP completed.\n",
      "Final mean error: 2.4319103099987194\n",
      "Rotation matrix:\n",
      "[[ 0.87988779 -0.4747097  -0.02118634]\n",
      " [ 0.46812653  0.87361525 -0.13287099]\n",
      " [ 0.08158396  0.10699318  0.99090719]]\n",
      "Translation vector:\n",
      "[-43.53211078 -11.17472482 -20.94812402]\n",
      "ICP completed.\n",
      "Final mean error: 4.375626557746256\n",
      "Rotation matrix:\n",
      "[[ 0.46740378  0.86567029  0.17930081]\n",
      " [-0.83254712  0.49923952 -0.24005223]\n",
      " [-0.29731998 -0.03707524  0.95405771]]\n",
      "Translation vector:\n",
      "[ 10.43426153 -29.58972208 -15.97466168]\n",
      "ICP completed.\n",
      "Final mean error: 3.093537472357968\n",
      "Rotation matrix:\n",
      "[[ 0.7933253  -0.54904432  0.26303225]\n",
      " [ 0.50344745  0.83458142  0.22364059]\n",
      " [-0.34231021 -0.0449969   0.93850881]]\n",
      "Translation vector:\n",
      "[-38.17850642 -48.67349734   3.83027771]\n",
      "ICP completed.\n",
      "Final mean error: 1.2986306771218192\n",
      "Rotation matrix:\n",
      "[[ 0.4182674   0.87483635 -0.24436278]\n",
      " [-0.88355391  0.32946455 -0.33284378]\n",
      " [-0.21067475  0.35512488  0.91076979]]\n",
      "Translation vector:\n",
      "[ 35.20284069 -23.52292677 -14.48918421]\n",
      "ICP completed.\n",
      "Final mean error: 1.357510829556093\n",
      "Rotation matrix:\n",
      "[[ 0.9980968  -0.0156891  -0.05963595]\n",
      " [ 0.00993219  0.99536704 -0.09563436]\n",
      " [ 0.0608598   0.09485999  0.99362879]]\n",
      "Translation vector:\n",
      "[-34.37734322  16.61446768  -6.69246259]\n",
      "ICP completed.\n",
      "Final mean error: 1.750840911811919\n",
      "Rotation matrix:\n",
      "[[-0.50475968  0.13080052 -0.85329263]\n",
      " [ 0.70479027  0.63322011 -0.31984817]\n",
      " [ 0.4984854  -0.76283905 -0.41181127]]\n",
      "Translation vector:\n",
      "[37.14316697 61.76992269 38.27182169]\n",
      "ICP completed.\n",
      "Final mean error: 2.9277496516853057\n",
      "Rotation matrix:\n",
      "[[-0.21087392  0.21540215  0.95348517]\n",
      " [-0.81033293  0.50701902 -0.29375497]\n",
      " [-0.54671057 -0.83458617  0.06763032]]\n",
      "Translation vector:\n",
      "[-36.72988936  60.67401991  32.79330357]\n",
      "ICP completed.\n",
      "Final mean error: 5.05126334826794\n",
      "Rotation matrix:\n",
      "[[ 0.92588998 -0.36599556 -0.09367146]\n",
      " [ 0.28577015  0.5163167   0.80731211]\n",
      " [-0.24710844 -0.77425077  0.58264309]]\n",
      "Translation vector:\n",
      "[51.10085404  1.81352551 -3.37924342]\n",
      "ICP completed.\n",
      "Final mean error: 4.210215684744166\n",
      "Rotation matrix:\n",
      "[[ 0.5841189  -0.50769883 -0.63328314]\n",
      " [-0.28630468  0.60119568 -0.74605238]\n",
      " [ 0.75949681  0.61709473  0.2058131 ]]\n",
      "Translation vector:\n",
      "[-21.30718855  29.14723601  -8.45366259]\n",
      "ICP completed.\n",
      "Final mean error: 3.560490069465513\n",
      "Rotation matrix:\n",
      "[[-0.96402596 -0.16039648  0.21196074]\n",
      " [-0.26577019  0.568017   -0.77892416]\n",
      " [ 0.00453925 -0.80723587 -0.59021163]]\n",
      "Translation vector:\n",
      "[-13.34192139  15.86642619  33.35251986]\n",
      "ICP completed.\n",
      "Final mean error: 1.517769509344052\n",
      "Rotation matrix:\n",
      "[[ 0.90080994 -0.43414783 -0.00757124]\n",
      " [ 0.43025068  0.89010258  0.15033692]\n",
      " [-0.05852939 -0.13868241  0.9886055 ]]\n",
      "Translation vector:\n",
      "[-45.010345   -23.87693185 -19.73002318]\n",
      "ICP completed.\n",
      "Final mean error: 1.485321543057391\n",
      "Rotation matrix:\n",
      "[[ 0.61061587  0.78264365  0.12090183]\n",
      " [-0.21409207  0.31012392 -0.92627642]\n",
      " [-0.76243843  0.53971435  0.35692435]]\n",
      "Translation vector:\n",
      "[30.50360275 15.92468862 -3.49225029]\n",
      "ICP completed.\n",
      "Final mean error: 1.6255961695098131\n",
      "Rotation matrix:\n",
      "[[-0.72634873 -0.64930815 -0.22542491]\n",
      " [ 0.58201547 -0.40657512 -0.70424112]\n",
      " [ 0.36561728 -0.64272534  0.67322266]]\n",
      "Translation vector:\n",
      "[ 8.96467144 20.47920057 -7.87044795]\n",
      "ICP completed.\n",
      "Final mean error: 4.423945941509126\n",
      "Rotation matrix:\n",
      "[[-0.01652304  0.99395895  0.10850018]\n",
      " [-0.80598505  0.05097706 -0.5897366 ]\n",
      " [-0.59170521 -0.09719383  0.80027406]]\n",
      "Translation vector:\n",
      "[  4.51144167  13.04880658 -19.71598592]\n",
      "ICP completed.\n",
      "Final mean error: 2.7578150303717948\n",
      "Rotation matrix:\n",
      "[[ 0.22908353 -0.96870269  0.0955815 ]\n",
      " [ 0.92321819  0.18509916 -0.33675933]\n",
      " [ 0.30852791  0.16538861  0.9367272 ]]\n",
      "Translation vector:\n",
      "[ -9.04162081   1.96520332 -18.90325395]\n",
      "ICP completed.\n",
      "Final mean error: 0.9930368418301792\n",
      "Rotation matrix:\n",
      "[[-0.13930245  0.92458452 -0.35459671]\n",
      " [-0.71654608 -0.34127416 -0.60835314]\n",
      " [-0.68348843  0.16933967  0.71004739]]\n",
      "Translation vector:\n",
      "[ 26.9895024   18.31616765 -11.61045796]\n",
      "ICP completed.\n",
      "Final mean error: 1.0833467139292554\n",
      "Rotation matrix:\n",
      "[[ 0.9138093  -0.17239589 -0.36773903]\n",
      " [ 0.18899515  0.9819336   0.0093115 ]\n",
      " [ 0.35948997 -0.07800951  0.92988191]]\n",
      "Translation vector:\n",
      "[-10.93446594   4.21742396  -9.98359884]\n",
      "ICP completed.\n",
      "Final mean error: 1.34835687978177\n",
      "Rotation matrix:\n",
      "[[ 0.96075898 -0.19773569 -0.1945321 ]\n",
      " [ 0.24816015  0.92605867  0.2843089 ]\n",
      " [ 0.12393023 -0.32142734  0.93878945]]\n",
      "Translation vector:\n",
      "[ 52.93341614 -19.6973625   19.0728594 ]\n",
      "ICP completed.\n",
      "Final mean error: 1.6365757301214905\n",
      "Rotation matrix:\n",
      "[[ 0.85668552  0.51583837 -0.00124281]\n",
      " [-0.51042914  0.84734913 -0.14650001]\n",
      " [-0.07451706  0.12613868  0.98921007]]\n",
      "Translation vector:\n",
      "[-51.01794218  -0.64525854   4.24528579]\n"
     ]
    },
    {
     "ename": "StopIteration",
     "evalue": "",
     "output_type": "error",
     "traceback": [
      "\u001b[1;31m---------------------------------------------------------------------------\u001b[0m",
      "\u001b[1;31mStopIteration\u001b[0m                             Traceback (most recent call last)",
      "Cell \u001b[1;32mIn[49], line 2\u001b[0m\n\u001b[0;32m      1\u001b[0m \u001b[38;5;28;01mfor\u001b[39;00m file1 \u001b[38;5;129;01min\u001b[39;00m tck_files1:\n\u001b[1;32m----> 2\u001b[0m     file2 \u001b[38;5;241m=\u001b[39m \u001b[38;5;28;43mnext\u001b[39;49m\u001b[43m(\u001b[49m\u001b[43mtck_files_iterator\u001b[49m\u001b[43m)\u001b[49m\n\u001b[0;32m      3\u001b[0m     tractogram1 \u001b[38;5;241m=\u001b[39m load_tractogram(file1, reference_anatomy1)\n\u001b[0;32m      4\u001b[0m     tractogram2 \u001b[38;5;241m=\u001b[39m load_tractogram(file2, reference_anatomy1)\n",
      "\u001b[1;31mStopIteration\u001b[0m: "
     ]
    }
   ],
   "source": [
    "for file1 in tck_files1:\n",
    "    file2 = next(tck_files_iterator)\n",
    "    tractogram1 = load_tractogram(file1, reference_anatomy1)\n",
    "    tractogram2 = load_tractogram(file2, reference_anatomy1)\n",
    "    streamlines_preop = tractogram1.streamlines\n",
    "    streamlines_postop = tractogram2.streamlines\n",
    "    points_preop = np.concatenate(streamlines_preop, axis=0)\n",
    "    points_postop = np.concatenate(streamlines_postop, axis=0)\n",
    "    transformation = np.eye(4)\n",
    "    R, t, errors = icp(points_preop, points_postop)\n",
    "\n",
    "    meanerror.append(errors[-1])\n",
    "    print(\"ICP completed.\")\n",
    "    print(f\"Final mean error: {errors[-1]}\")\n",
    "    print(\"Rotation matrix:\")\n",
    "    print(R)\n",
    "    print(\"Translation vector:\")\n",
    "    print(t)\n",
    "    \n",
    "    # Apply the transformation to the postoperative streamlines\n",
    "    transformed_streamlines_postop = []\n",
    "    for streamline in streamlines_postop:\n",
    "        transformed_streamline = np.dot(streamline, R.T) + t\n",
    "        transformed_streamlines_postop.append(transformed_streamline)\n",
    "    \n",
    "    # Create a new StatefulTractogram with the transformed streamlines\n",
    "    transformed_tractogram_postop = StatefulTractogram(\n",
    "        transformed_streamlines_postop,\n",
    "        reference_anatomy,\n",
    "        Space.RASMM\n",
    "    )\n",
    "    \n",
    "    # Save the translated tractogram\n",
    "    output_path = os.path.join(r'C:\\Users\\tudor\\Desktop\\thesis\\prepost\\postop-aligned-v2', os.path.basename(file2).replace('.tck', '_aligned.tck'))\n",
    "    save_tck(transformed_tractogram_postop, output_path, bbox_valid_check=False)\n"
   ]
  },
  {
   "cell_type": "code",
   "execution_count": 52,
   "id": "ad58b33b-e5d4-4ad7-afe5-7aa3531cd284",
   "metadata": {},
   "outputs": [
    {
     "name": "stdout",
     "output_type": "stream",
     "text": [
      "ICP completed.\n",
      "Final mean error: 0.48195789120574006\n",
      "Rotation matrix:\n",
      "[[ 0.99303664  0.11287232  0.03373667]\n",
      " [-0.10776465  0.98603969 -0.12693575]\n",
      " [-0.04759314  0.12241617  0.9913372 ]]\n",
      "Translation vector:\n",
      "[  1.13751293   5.20136129 -12.88586955]\n"
     ]
    }
   ],
   "source": [
    "file1 = r'C:\\Users\\tudor\\Desktop\\thesis\\prepost\\preop\\IFO_left.tck'\n",
    "file2 = r'C:\\Users\\tudor\\Desktop\\thesis\\prepost\\postop\\IFO_left.tck'\n",
    "tractogram1 = load_tractogram(file1, reference_anatomy1)\n",
    "tractogram2 = load_tractogram(file2, reference_anatomy1)\n",
    "streamlines_preop = tractogram1.streamlines\n",
    "streamlines_postop = tractogram2.streamlines\n",
    "\n",
    "points_preop = np.concatenate(streamlines_preop, axis=0)\n",
    "points_postop = np.concatenate(streamlines_postop, axis=0)\n",
    "\n",
    "transformation = np.eye(4)\n",
    "R, t, errors = icp(points_preop, points_postop)\n",
    "\n",
    "print(\"ICP completed.\")\n",
    "print(f\"Final mean error: {errors[-1]}\")\n",
    "print(\"Rotation matrix:\")\n",
    "print(R)\n",
    "print(\"Translation vector:\")\n",
    "print(t)\n",
    "\n",
    "# Apply the transformation to the postoperative streamlines\n",
    "transformed_streamlines_postop = []\n",
    "for streamline in streamlines_postop:\n",
    "    transformed_streamline = np.dot(streamline, R.T) + t\n",
    "    transformed_streamlines_postop.append(transformed_streamline)\n",
    "\n",
    "# Create a new StatefulTractogram with the transformed streamlines\n",
    "transformed_tractogram_postop = StatefulTractogram(\n",
    "    transformed_streamlines_postop,\n",
    "    reference_anatomy,\n",
    "    Space.RASMM\n",
    ")\n",
    "\n",
    "# Save the translated tractogram\n",
    "#output_path = os.path.join(r'C:\\Users\\tudor\\Desktop\\thesis\\prepost\\postop-aligned-v2', os.path.basename(file2).replace('.tck', '_aligned.tck'))\n",
    "output_path = os.path.join(\n",
    "    r'C:\\Users\\tudor\\Desktop\\thesis\\prepost\\postop-aligned-v2',\n",
    "    'IFO_left_aligned.tck'\n",
    ")\n",
    "save_tck(transformed_tractogram_postop, output_path, bbox_valid_check=False)"
   ]
  },
  {
   "cell_type": "code",
   "execution_count": 52,
   "id": "0b332e5f-8c8d-4898-b27e-bdd7921a4eb6",
   "metadata": {},
   "outputs": [
    {
     "data": {
      "text/plain": [
       "[1.7340630973713045,\n",
       " 1.2803423424121805,\n",
       " 13.587754146416538,\n",
       " 1.0068241187254816,\n",
       " 11.867083046422835,\n",
       " 0.8600142312766894,\n",
       " 4.4408388042288465,\n",
       " 1.5214862483041534,\n",
       " 9.228802327284903,\n",
       " 2.8754119372283857,\n",
       " 4.859786667125143,\n",
       " 1.6796917223327252,\n",
       " 3.459276235800608,\n",
       " 1.5219493110000994,\n",
       " 2.9987041064860525,\n",
       " 2.3294370977478214,\n",
       " 3.20751255172355,\n",
       " 1.3607507265721737,\n",
       " 2.9691684294943124,\n",
       " 10.282322379834806,\n",
       " 7.109846986344646,\n",
       " 1.077993058055363,\n",
       " 5.610315538591065,\n",
       " 4.139281922376531,\n",
       " 3.4008398464660607,\n",
       " 1.4680335721338555,\n",
       " 1.5733111311277599,\n",
       " 2.545761608759786,\n",
       " 3.7077580101478103,\n",
       " 1.025569158932891,\n",
       " 1.2205922385827161,\n",
       " 1.0700475876815474,\n",
       " 1.8979985731702298,\n",
       " 2.193733091978633,\n",
       " 4.183072430661558,\n",
       " 2.3371860725433433,\n",
       " 2.765490531114484,\n",
       " 1.3682904278144161,\n",
       " 1.9064868273196858,\n",
       " 1.5234289038732445,\n",
       " 1.287885106748854,\n",
       " 3.671304504698523,\n",
       " 6.003521230120513,\n",
       " 6.9990743791959265,\n",
       " 4.224813369910229,\n",
       " 2.183114808892821,\n",
       " 1.448596839726622,\n",
       " 2.158149576590704,\n",
       " 2.4319103099987194,\n",
       " 4.375626557746256,\n",
       " 3.093537472357968,\n",
       " 1.2986306771218192,\n",
       " 1.357510829556093,\n",
       " 1.750840911811919,\n",
       " 2.9277496516853057,\n",
       " 5.05126334826794,\n",
       " 4.210215684744166,\n",
       " 3.560490069465513,\n",
       " 1.517769509344052,\n",
       " 1.485321543057391,\n",
       " 1.6255961695098131,\n",
       " 4.423945941509126,\n",
       " 2.7578150303717948,\n",
       " 0.9930368418301792,\n",
       " 1.0833467139292554,\n",
       " 1.34835687978177,\n",
       " 1.6365757301214905]"
      ]
     },
     "execution_count": 52,
     "metadata": {},
     "output_type": "execute_result"
    }
   ],
   "source": [
    "meanerror"
   ]
  },
  {
   "cell_type": "code",
   "execution_count": 54,
   "id": "db1c2bf7-6f8c-49b6-be08-964574d369be",
   "metadata": {},
   "outputs": [
    {
     "data": {
      "text/plain": [
       "3.135854578112822"
      ]
     },
     "execution_count": 54,
     "metadata": {},
     "output_type": "execute_result"
    }
   ],
   "source": [
    "sum(meanerror) / len(meanerror)"
   ]
  },
  {
   "cell_type": "markdown",
   "id": "8b46198c-41d4-4bc2-9618-c218f15ef59a",
   "metadata": {},
   "source": [
    "# fml this is OLDEN"
   ]
  },
  {
   "cell_type": "code",
   "execution_count": 18,
   "id": "869d5904-e6e8-4f72-8ee2-bcc7d26a7459",
   "metadata": {},
   "outputs": [],
   "source": [
    "import nibabel as nib\n",
    "import numpy as np\n",
    "import os\n",
    "from scipy.spatial import cKDTree\n",
    "from dipy.io.streamline import load_tractogram, save_tractogram\n",
